 FITNESS: 1.1615033145815177, SCORE: 43978, PARAMETERS: [46, 50, 192, 0.97, 0.72, 644, 10, 263, 0.67, 0.37, 0.5, 0.17477422399760756] 
 FITNESS: 0.9395757511154426, SCORE: 61701, PARAMETERS: [85, 50, 64, 0.98, 0.47, 292, 7, 211, 0.27, 0.22, 0.85, 1.05] 
 FITNESS: 0.8893122845218654, SCORE: 39208, PARAMETERS: [85, 50, 64, 0.98, 0.47, 292, 7, 211, 0.27, 0.22, 0.85, 1.05] 
 FITNESS: 1.2665864464256413, SCORE: 46314, PARAMETERS: [253, 40, 92, 0.96, 0.33, 243, 10, 245, 0.35, 0.96, 0.72, 1.1] 
 FITNESS: 1.0570251267865376, SCORE: 36683, PARAMETERS: [491, 50, 68, 0.98, 0.47, 316, 9, 205, 0.01, 0.22, 0.26, 0.72] 
 FITNESS: 1.041364325831181, SCORE: 50804, PARAMETERS: [534, 39, 35, 0.75, 0.85, 253, 9, 260, 0.01, 0.22, 0.26, 0.54] 
 FITNESS: 1.1499102333931777, SCORE: 38430, PARAMETERS: [720, 50, 192, 0.97, 0.72, 253, 9, 260, 0.09, 2, 0.26, 0.72] 
 FITNESS: 1.014110697877926, SCORE: 37084, PARAMETERS: [704, 50, 192, 0.97, 0.85, 253, 9, 260, 0.09, 0.04, 1.05, 0.75] 
 FITNESS: 1.1883113153360139, SCORE: 41377, PARAMETERS: [910, 39, 102, 0.6, 0.85, 253, 9, 260, 0.01, 2, 1, 0.29000000000000004] 
 FITNESS: 1.0209584871097224, SCORE: 37899, PARAMETERS: [1038, 49, 96, 1.0, 0.99, 258, 10, 239, 0.45, 0.04, 1.05, 0.9100000000000001] 
 FITNESS: 1.0628647214854112, SCORE: 40070, PARAMETERS: [1259, 49, 35, 0.75, 0.85, 253, 9, 260, 0.09, 0.78, 1.05, 0.75] 
 FITNESS: 1.0300301890789683, SCORE: 38896, PARAMETERS: [1316, 49, 35, 0.75, 0.85, 253, 9, 220, 0.09, 0.78, 1.05, 0.75] 
 FITNESS: 1.0, SCORE: 51556, PARAMETERS: [0.1, 30, 50, 0.96, 0.99, 328, 11, 220, 0, 2, 1.0, 1.0] 
 FITNESS: 1.0215644551719758, SCORE: 64332, PARAMETERS: [1598, 50, 35, 0.75, 0.85, 253, 9, 260, 0.01, 0.37, 0.63, 0.29000000000000004] 
 FITNESS: 0.9691810977399472, SCORE: 52832, PARAMETERS: [1683, 49, 39, 0.87, 0.85, 253, 9, 260, 0.01, 2, 1.05, 0.66] 
 FITNESS: 0.9966400850611377, SCORE: 46867, PARAMETERS: [1895, 55, 109, 0.8500000000000001, 0.63, 316, 10, 205, 0.09, 0.78, 1.05, 0.9] 
 FITNESS: 1.0311610024681983, SCORE: 43449, PARAMETERS: [2017, 49, 109, 0.8500000000000001, 0.85, 253, 9, 260, 0.01, 0.78, 1.05, 0.75] 
 FITNESS: 1.0261316909055307, SCORE: 57645, PARAMETERS: [2080, 50, 35, 0.75, 0.63, 253, 9, 205, 0.09, 0.78, 1.05, 0.75] 
 FITNESS: 0.9686607765113194, SCORE: 43087, PARAMETERS: [2175, 49, 35, 0.93, 0.85, 276, 9, 205, 0.01, 0.37, 1.05, 0.88] 
 FITNESS: 1.0, SCORE: 42680, PARAMETERS: [0.1, 30, 50, 0.96, 0.99, 328, 11, 220, 0, 2, 1.0, 1.0] 
 FITNESS: 1.106586952513893, SCORE: 42016, PARAMETERS: [2297, 49, 109, 0.8500000000000001, 0.85, 253, 9, 260, 0.01, 0.37, 1.05, 0.75] 
 FITNESS: 1.0128689548321819, SCORE: 64067, PARAMETERS: [2520, 49, 109, 0.8500000000000001, 1.0, 253, 9, 214, 0.01, 0.98, 1.05, 0.92] 
 FITNESS: 1.307358985787154, SCORE: 52799, PARAMETERS: [2666, 55, 109, 0.75, 0.99, 273, 9, 205, 0.01, 0.37, 1.05, 0.66] 
 FITNESS: 1.0102921578677602, SCORE: 49277, PARAMETERS: [2834, 55, 113, 0.8500000000000001, 0.85, 270, 9, 260, 0.06999999999999999, 0.37, 1.05, 0.75] 
 FITNESS: 1.0246344355157424, SCORE: 54446, PARAMETERS: [2973, 49, 129, 0.8700000000000001, 0.85, 290, 9, 221, 0.01, 0.98, 1.05, 0.92] 
 FITNESS: 1.18374615075646, SCORE: 44207, PARAMETERS: [2930, 49, 129, 0.8700000000000001, 0.85, 290, 9, 221, 0.01, 0.98, 1.05, 0.92] 
 FITNESS: 1.0815925365450318, SCORE: 69329, PARAMETERS: [3255, 49, 122, 0.9400000000000002, 0.85, 290, 9, 245, 0.01, 0.37, 1.05, 0.75] 
 FITNESS: 1.0811945090039627, SCORE: 64663, PARAMETERS: [3336, 49, 122, 0.9400000000000002, 0.85, 290, 9, 245, 0.01, 0.37, 1.05, 0.91] 
 FITNESS: 1.1056376677201416, SCORE: 58423, PARAMETERS: [3511, 49, 129, 0.8700000000000001, 0.85, 290, 9, 245, 0.01, 0.37, 1.05, 0.75] 
 FITNESS: 1.0701793160353033, SCORE: 72632, PARAMETERS: [3447, 52, 129, 0.9700000000000001, 0.98, 300, 9, 205, 0.01, 0.9, 1.05, 0.92] 
 FITNESS: 1.2670727152584251, SCORE: 44103, PARAMETERS: [3630, 49, 129, 0.8700000000000001, 0.85, 290, 9, 221, 0.01, 0.37, 1.05, 0.75] 
 FITNESS: 1.0662865137575783, SCORE: 50301, PARAMETERS: [3866, 49, 109, 0.8500000000000001, 0.9199999999999999, 290, 9, 221, 0.01, 0.37, 1.05, 0.92] 
 FITNESS: 1.1314793244030286, SCORE: 46626, PARAMETERS: [3987, 49, 129, 0.8700000000000001, 0.85, 290, 9, 221, 0.27, 0.96, 1.05, 0.66] 
 FITNESS: 1.0786811924252682, SCORE: 52576, PARAMETERS: [4090, 49, 138, 0.8700000000000001, 0.88, 290, 9, 205, 0.01, 0.96, 1.05, 0.99] 
 FITNESS: 1.236000797107638, SCORE: 43417, PARAMETERS: [4171, 49, 129, 0.9400000000000002, 0.85, 290, 9, 221, 0.01, 0.94, 1.05, 0.66] 
 FITNESS: 0.9953990420292789, SCORE: 73774, PARAMETERS: [4213, 49, 129, 0.8700000000000001, 0.85, 290, 9, 205, 0.01, 0.37, 1.05, 0.75] 
 FITNESS: 1.042592177592639, SCORE: 79090, PARAMETERS: [4236, 49, 109, 0.8500000000000001, 0.85, 290, 9, 221, 0.01, 0.37, 1.05, 0.75] 
 FITNESS: 1.0241076872566952, SCORE: 43670, PARAMETERS: [4540, 49, 125, 0.8500000000000001, 0.98, 311, 9, 221, 0.01, 0.37, 1.05, 0.87] 
