  V  1  2  3  4
1283  [0.1, 0.1, 0.2, 0.1, 0.7]  
1285  [0.2, 0.1, 0.2, 0.3, 0.6]  
1725  [0.0, 0.0, 0.2, 0.4, 0.1]  
1682  [0.2, 0.0, 0.4, 0.4, 0.4]  
715  [0.0, 0.3, 0.1, 0.4, 0.4]  
1628  [0.0, 0.1, 0.0, 0.6, 0.4]  
1900  [0.0, 0.1, 0.1, 0.1, 0.6]  
0  [0.1, 0.0, 0.3, 0.2, 0.7]  
997  [0.0, 0.0, 0.0, 0.2, 0.3]  
525  [0.0, 0.0, 0.1, 0.2, 0.5]  
1242  [0.0, 0.0, 0.0, 0.0, 0.8]  
1958  [0.1, 0.2, 0.0, 0.3, 0.4]  
341  [0.1, 0.0, 0.1, 0.1, 0.6]  
694  [0.2, 0.0, 0.2, 0.4, 0.5]  
867  [0.0, 0.1, 0.0, 0.1, 0.5]  
1497  [0.0, 0.0, 0.1, 0.2, 0.5]  
